314151612345678911
13141516123456789111314151612345678911
1314151612345678911
1314151612345678911
1314151612345678911
1314151612345678911
1314151612345678911
1314151612345678911
1314151612345678911
1314151612345678911
1314151612345678911
1314151612345678911
1314151612345678911
1314151612345678911
1314151612345678911
1314151612345678911
1314151612345678911
1314151612345678911
1314151612345678911
1314151612345678911
1314151612345678911
1314151612345678911
1314151612345678911
131415161234567891113141516123456789111314151612345678911
1314151612345678911
1314151612345678911
13141516
1314151612345678911
1314151612345678911
13141516
1314151612345678911
1314151612345678911
131415161234567891134567890123456
1314151612345678911
1314151612345678911
1314151612345678911
1314151612345678911
1314151612345678911
1314151612345678911
1314151612345678911
1314151612345678911
1314151612345678911
1314151612345678911
1314151612345678911
1314151612345678911
1314151612345678911
1314151612345678911
1314151612345678911
1314151612345678911
1314151612345678911
1314151612345678911
1314151612345678911
1314151612345678911
1314151612345678911
1314151612345678911
1314151612345678911
1314151612345678911
1314151612345678911
1314151612345678911
1314151612345678911
1314151612345678911
1314151612345678911
1314151612345678911
1314151612345678911
1314151612345678911
1314151612345678911
1314151612345678911
1314151612345678911
1314151612345678911
1314151612345678911
1314151612345678911
1314151612345678911
1314151612345678911
1314151612345678911
1314151612345678911
1314151612345678911
1314151612345678911
1314151612345678911
1314151612345678911
1314151612345678911
1314151612345678911
1314151612345678911
1314151612345678911
1314151612345678911
1314151612345678911
1314151612345678911
1314151612345678911
1314151612345678911
1314151612345678911
1314151612345678911
1314151612345678911
1314151612345678911
1314151612345678911
1314151612345678911
1314151612345678911
1314151612345678911
1314151612345678911
1314151612345678911
1314151612345678911
1314151612345678911
1314151612345678911
1314151612345678911
1314151612345678911
1314151612345678911
1314151612345678911
1314151612345678911
1314151612345678911
1314151612345678911
1314151612345678911
1314151612345678911
1314151612345678911
1314151612345678911
1314151612345678911
1314151612345678911
1314151612345678911
1314151612345678911
1314151612345678911
1314151612345678911
1314151612345678911
1314151612345678911
1314151612345678911
1314151612345678911
1314151612345678911
1314151612345678911
1314151612345678911
1314151612345678911
1314151612345678911
1314151612345678911
1314151612345678911
1314151612345678911
1314151612345678911
1314151612345678911
1314151612345678911
1314151612345678911
1314151612345678911
1314151612345678911
1314151612345678911
1314151612345678911
1314151612345678911
1314151612345678911
1314151612345678911
1314151612345678911
1314151612345678911
1314151612345678911
1314151612345678911
1314151612345678911
1314151612345678911
1314151612345678911
1314151612345678911
1314151612345678911
1314151612345678911
1314151612345678911
1314151612345678911
1314151612345678911
1314151612345678911
1314151612345678911
1314151612345678911
1314151612345678911
1314151612345678911
1314151612345678911
1314151612345678911
1314151612345678911
1314151612345678911
1314151612345678911
1314151612345678911
1314151612345678911
1314151612345678911
1314151612345678911
1314151612345678911
1314151612345678911
1314151612345678911
1314151612345678911
1314151612345678911
1314151612345678911
1314151612345678911
1314151612345678911
1314151612345678911
1314151612345678911
1314151612345678911
1314151612345678911
1314151612345678911
1314151612345678911
1314151612345678911
1314151612345678911
1314151612345678911
1314151612345678911
1314151612345678911
1314151612345678911
1314151612345678911
131415161314151612345678911
1314151612345678911
1314151612345678911
131415169